accumulation_steps: 4
batch_size: 4
dropout: 0.1068368910369956
gradient_clip: 1.6825062009852865
lr: 0.00018835689935425297
optimizer: AdamW
scheduler: ReduceLROnPlateau
use_attention: false
weight_decay: 1e-4
